2057 2045 2045 2047 2042 2043 2046 2045 2057 2047 2032 2043 2039 2046 2042 2045 2044 2051 2093 2045 2041 2042 2037 2045 2042 2042 2045 2046 2099 2047 2033 2042 2038 2046 2041 2044 2026 2077 2085 2029 2041 2011 2036 2078 2031 2041 2045 2051 2065 2040 2055 2043 2035 2045 2041 2078 2035 2081 2043 2021 2029 2042 2039 2091 2025 2031 2039 2047 2066 2086 2029 2043 2039 2047 2042 2045 2046 2045 2071 2049 2029 2042 2039 2047 2043 2043 2045 2046 2065 2047 2021 2042 2039 2051 2042 2042 2045 2044 2067 2047
2045 2044 2051 2093 2045 2041 2042 2037 2045 2042 2042 2045 2046 2099 2047 2033 2042 2038 2046 2041 2044 2026 2077 2085 2029 2041 2011 2036 2078 2031 2041 2045 2051 2065 2040 2055 2043 2035 2045 2041 2078 2035 2081 2043 2021 2029 2042 2039 2091 2025 2031 2039 2047 2066 2086 2029 2043 2039 2047 2042 2045 2046 2045 2071 2049 2029 2042 2039 2047 2043 2043 2045 2046 2065 2047 2021 2042 2039 2051 2042 2042 2045 2044 2067 2047 2065 2035 2036 2047 2039 2042 2043 2047 2061 2047 2063 2041 2038 2042 2040
2033 2042 2038 2046 2041 2044 2026 2077 2085 2029 2041 2011 2036 2078 2031 2041 2045 2051 2065 2040 2055 2043 2035 2045 2041 2078 2035 2081 2043 2021 2029 2042 2039 2091 2025 2031 2039 2047 2066 2086 2029 2043 2039 2047 2042 2045 2046 2045 2071 2049 2029 2042 2039 2047 2043 2043 2045 2046 2065 2047 2021 2042 2039 2051 2042 2042 2045 2044 2067 2047 2065 2035 2036 2047 2039 2042 2043 2047 2061 2047 2063 2041 2038 2042 2040 2042 2043 2043 2061 2043 2031 2045 2035 2043 2041 2043 2042 2047 2061 2053
2041 2045 2051 2065 2040 2055 2043 2035 2045 2041 2078 2035 2081 2043 2021 2029 2042 2039 2091 2025 2031 2039 2047 2066 2086 2029 2043 2039 2047 2042 2045 2046 2045 2071 2049 2029 2042 2039 2047 2043 2043 2045 2046 2065 2047 2021 2042 2039 2051 2042 2042 2045 2044 2067 2047 2065 2035 2036 2047 2039 2042 2043 2047 2061 2047 2063 2041 2038 2042 2040 2042 2043 2043 2061 2043 2031 2045 2035 2043 2041 2043 2042 2047 2061 2053 2031 2033 2039 2045 2043 2045 2047 2049 2069 2051 2035 2083 2039 2047 2045
2029 2042 2039 2091 2025 2031 2039 2047 2066 2086 2029 2043 2039 2047 2042 2045 2046 2045 2071 2049 2029 2042 2039 2047 2043 2043 2045 2046 2065 2047 2021 2042 2039 2051 2042 2042 2045 2044 2067 2047 2065 2035 2036 2047 2039 2042 2043 2047 2061 2047 2063 2041 2038 2042 2040 2042 2043 2043 2061 2043 2031 2045 2035 2043 2041 2043 2042 2047 2061 2053 2031 2033 2039 2045 2043 2045 2047 2049 2069 2051 2035 2083 2039 2047 2045 2047 2047 2053 2066 2052 2062 2084 2039 2047 2046 2046 2050 2050 2065 2053
2045 2046 2045 2071 2049 2029 2042 2039 2047 2043 2043 2045 2046 2065 2047 2021 2042 2039 2051 2042 2042 2045 2044 2067 2047 2065 2035 2036 2047 2039 2042 2043 2047 2061 2047 2063 2041 2038 2042 2040 2042 2043 2043 2061 2043 2031 2045 2035 2043 2041 2043 2042 2047 2061 2053 2031 2033 2039 2045 2043 2045 2047 2049 2069 2051 2035 2083 2039 2047 2045 2047 2047 2053 2066 2052 2062 2084 2039 2047 2046 2046 2050 2050 2065 2053 2038 2035 2034 2047 2046 2047 2047 2047 2067 2053 2039 2046 2026 2046 2047
2021 2042 2039 2051 2042 2042 2045 2044 2067 2047 2065 2035 2036 2047 2039 2042 2043 2047 2061 2047 2063 2041 2038 2042 2040 2042 2043 2043 2061 2043 2031 2045 2035 2043 2041 2043 2042 2047 2061 2053 2031 2033 2039 2045 2043 2045 2047 2049 2069 2051 2035 2083 2039 2047 2045 2047 2047 2053 2066 2052 2062 2084 2039 2047 2046 2046 2050 2050 2065 2053 2038 2035 2034 2047 2046 2047 2047 2047 2067 2053 2039 2046 2026 2046 2047 2047 2046 2047 2067 2053 2039 2046 2024 2047 2045 2045 2047 2050 2067 2042
2042 2043 2047 2061 2047 2063 2041 2038 2042 2040 2042 2043 2043 2061 2043 2031 2045 2035 2043 2041 2043 2042 2047 2061 2053 2031 2033 2039 2045 2043 2045 2047 2049 2069 2051 2035 2083 2039 2047 2045 2047 2047 2053 2066 2052 2062 2084 2039 2047 2046 2046 2050 2050 2065 2053 2038 2035 2034 2047 2046 2047 2047 2047 2067 2053 2039 2046 2026 2046 2047 2047 2046 2047 2067 2053 2039 2046 2024 2047 2045 2045 2047 2050 2067 2042 2038 2045 2077 2045 2045 2045 2047 2047 2063 2051 2060 2047 2040 2036 2046
2031 2045 2035 2043 2041 2043 2042 2047 2061 2053 2031 2033 2039 2045 2043 2045 2047 2049 2069 2051 2035 2083 2039 2047 2045 2047 2047 2053 2066 2052 2062 2084 2039 2047 2046 2046 2050 2050 2065 2053 2038 2035 2034 2047 2046 2047 2047 2047 2067 2053 2039 2046 2026 2046 2047 2047 2046 2047 2067 2053 2039 2046 2024 2047 2045 2045 2047 2050 2067 2042 2038 2045 2077 2045 2045 2045 2047 2047 2063 2051 2060 2047 2040 2036 2046 2044 2047 2047 2063 2040 2034 2043 2039 2038 2042 2044 2045 2045 2059 2038
2045 2047 2049 2069 2051 2035 2083 2039 2047 2045 2047 2047 2053 2066 2052 2062 2084 2039 2047 2046 2046 2050 2050 2065 2053 2038 2035 2034 2047 2046 2047 2047 2047 2067 2053 2039 2046 2026 2046 2047 2047 2046 2047 2067 2053 2039 2046 2024 2047 2045 2045 2047 2050 2067 2042 2038 2045 2077 2045 2045 2045 2047 2047 2063 2051 2060 2047 2040 2036 2046 2044 2047 2047 2063 2040 2034 2043 2039 2038 2042 2044 2045 2045 2059 2038 2043 2040 2036 2032 2041 2042 2043 2047 2063 2047 2030 2035 2025 2042 2074
2062 2084 2039 2047 2046 2046 2050 2050 2065 2053 2038 2035 2034 2047 2046 2047 2047 2047 2067 2053 2039 2046 2026 2046 2047 2047 2046 2047 2067 2053 2039 2046 2024 2047 2045 2045 2047 2050 2067 2042 2038 2045 2077 2045 2045 2045 2047 2047 2063 2051 2060 2047 2040 2036 2046 2044 2047 2047 2063 2040 2034 2043 2039 2038 2042 2044 2045 2045 2059 2038 2043 2040 2036 2032 2041 2042 2043 2047 2063 2047 2030 2035 2025 2042 2074 2039 2043 2045 2061 2047 2030 2042 2039 2044 2037 2042 2046 2045 2065 2047
2047 2047 2047 2067 2053 2039 2046 2026 2046 2047 2047 2046 2047 2067 2053 2039 2046 2024 2047 2045 2045 2047 2050 2067 2042 2038 2045 2077 2045 2045 2045 2047 2047 2063 2051 2060 2047 2040 2036 2046 2044 2047 2047 2063 2040 2034 2043 2039 2038 2042 2044 2045 2045 2059 2038 2043 2040 2036 2032 2041 2042 2043 2047 2063 2047 2030 2035 2025 2042 2074 2039 2043 2045 2061 2047 2030 2042 2039 2044 2037 2042 2046 2045 2065 2047 2059 2043 2038 2045 2037 2047 2046 2045 2065 2039 2034 2042 2039 2045 2033
2039 2046 2024 2047 2045 2045 2047 2050 2067 2042 2038 2045 2077 2045 2045 2045 2047 2047 2063 2051 2060 2047 2040 2036 2046 2044 2047 2047 2063 2040 2034 2043 2039 2038 2042 2044 2045 2045 2059 2038 2043 2040 2036 2032 2041 2042 2043 2047 2063 2047 2030 2035 2025 2042 2074 2039 2043 2045 2061 2047 2030 2042 2039 2044 2037 2042 2046 2045 2065 2047 2059 2043 2038 2045 2037 2047 2046 2045 2065 2039 2034 2042 2039 2045 2033 2045 2045 2046 2062 2050 2035 2045 2040 2047 2027 2043 2047 2047 2063 2042
2045 2047 2047 2063 2051 2060 2047 2040 2036 2046 2044 2047 2047 2063 2040 2034 2043 2039 2038 2042 2044 2045 2045 2059 2038 2043 2040 2036 2032 2041 2042 2043 2047 2063 2047 2030 2035 2025 2042 2074 2039 2043 2045 2061 2047 2030 2042 2039 2044 2037 2042 2046 2045 2065 2047 2059 2043 2038 2045 2037 2047 2046 2045 2065 2039 2034 2042 2039 2045 2033 2045 2045 2046 2062 2050 2035 2045 2040 2047 2027 2043 2047 2047 2063 2042 2045 2033 2042 2046 2090 2045 2047 2047 2065 2043 2039 2047 2043 2047 2045
2034 2043 2039 2038 2042 2044 2045 2045 2059 2038 2043 2040 2036 2032 2041 2042 2043 2047 2063 2047 2030 2035 2025 2042 2074 2039 2043 2045 2061 2047 2030 2042 2039 2044 2037 2042 2046 2045 2065 2047 2059 2043 2038 2045 2037 2047 2046 2045 2065 2039 2034 2042 2039 2045 2033 2045 2045 2046 2062 2050 2035 2045 2040 2047 2027 2043 2047 2047 2063 2042 2045 2033 2042 2046 2090 2045 2047 2047 2065 2043 2039 2047 2043 2047 2045 2042 2047 2051 2065 2053 2058 2047 2042 2049 2045 2038 2047 2053 2065 2047
2042 2043 2047 2063 2047 2030 2035 2025 2042 2074 2039 2043 2045 2061 2047 2030 2042 2039 2044 2037 2042 2046 2045 2065 2047 2059 2043 2038 2045 2037 2047 2046 2045 2065 2039 2034 2042 2039 2045 2033 2045 2045 2046 2062 2050 2035 2045 2040 2047 2027 2043 2047 2047 2063 2042 2045 2033 2042 2046 2090 2045 2047 2047 2065 2043 2039 2047 2043 2047 2045 2042 2047 2051 2065 2053 2058 2047 2042 2049 2045 2038 2047 2053 2065 2047 2037 2045 2043 2047 2044 2030 2046 2057 2062 2042 2035 2057 2038 2047 2043
2030 2042 2039 2044 2037 2042 2046 2045 2065 2047 2059 2043 2038 2045 2037 2047 2046 2045 2065 2039 2034 2042 2039 2045 2033 2045 2045 2046 2062 2050 2035 2045 2040 2047 2027 2043 2047 2047 2063 2042 2045 2033 2042 2046 2090 2045 2047 2047 2065 2043 2039 2047 2043 2047 2045 2042 2047 2051 2065 2053 2058 2047 2042 2049 2045 2038 2047 2053 2065 2047 2037 2045 2043 2047 2044 2030 2046 2057 2062 2042 2035 2057 2038 2047 2043 2047 2042 2047 2069 2047 2033 2029 2015 2018 2036 2043 2041 2047 2061 2041
2047 2046 2045 2065 2039 2034 2042 2039 2045 2033 2045 2045 2046 2062 2050 2035 2045 2040 2047 2027 2043 2047 2047 2063 2042 2045 2033 2042 2046 2090 2045 2047 2047 2065 2043 2039 2047 2043 2047 2045 2042 2047 2051 2065 2053 2058 2047 2042 2049 2045 2038 2047 2053 2065 2047 2037 2045 2043 2047 2044 2030 2046 2057 2062 2042 2035 2057 2038 2047 2043 2047 2042 2047 2069 2047 2033 2029 2015 2018 2036 2043 2041 2047 2061 2041 2042 2033 2038 2045 2042 2047 2045 2043 2059 2039 2059 2042 2038 2045 2044
