2050 2097 2108 2112 2082 2068 2032 1965 2052 1990 2024 2060 2080 2062 2048 2032 1632 1752 2109 2276 2306 2264 2204 2138 2068 2023 1966 1810 1934 1915 1984 2048 2073 2053 2032 1997 1953 1936 1852 1950 1981 1982 1968 1962 1940 1939 1928 1933 1956 1916 2014 2040 2060 2053 2042 2048 2026 2027 1918 2025 2088 2110 2108 2096 2089 2074 2070 2054 2052 2048 1952 2055 2118 2144 2138 2136 2112 2101 2106 2058 2144 2166 2165 2149 2128 2110 2093 2080 2076 2058 2057 1954 2061 2144 2160 2166 2144 2128 2100 2074
2032 1632 1752 2109 2276 2306 2264 2204 2138 2068 2023 1966 1810 1934 1915 1984 2048 2073 2053 2032 1997 1953 1936 1852 1950 1981 1982 1968 1962 1940 1939 1928 1933 1956 1916 2014 2040 2060 2053 2042 2048 2026 2027 1918 2025 2088 2110 2108 2096 2089 2074 2070 2054 2052 2048 1952 2055 2118 2144 2138 2136 2112 2101 2106 2058 2144 2166 2165 2149 2128 2110 2093 2080 2076 2058 2057 1954 2061 2144 2160 2166 2144 2128 2100 2074 1979 2092 2150 2154 2140 2122 2100 2073 2052 1877 1980 2104 2148 2150 2132
1984 2048 2073 2053 2032 1997 1953 1936 1852 1950 1981 1982 1968 1962 1940 1939 1928 1933 1956 1916 2014 2040 2060 2053 2042 2048 2026 2027 1918 2025 2088 2110 2108 2096 2089 2074 2070 2054 2052 2048 1952 2055 2118 2144 2138 2136 2112 2101 2106 2058 2144 2166 2165 2149 2128 2110 2093 2080 2076 2058 2057 1954 2061 2144 2160 2166 2144 2128 2100 2074 1979 2092 2150 2154 2140 2122 2100 2073 2052 1877 1980 2104 2148 2150 2132 2124 1698 1920 2151 2236 2288 2196 2236 2208 2159 2101 2048 2012 1978 1955
1939 1928 1933 1956 1916 2014 2040 2060 2053 2042 2048 2026 2027 1918 2025 2088 2110 2108 2096 2089 2074 2070 2054 2052 2048 1952 2055 2118 2144 2138 2136 2112 2101 2106 2058 2144 2166 2165 2149 2128 2110 2093 2080 2076 2058 2057 1954 2061 2144 2160 2166 2144 2128 2100 2074 1979 2092 2150 2154 2140 2122 2100 2073 2052 1877 1980 2104 2148 2150 2132 2124 1698 1920 2151 2236 2288 2196 2236 2208 2159 2101 2048 2012 1978 1955 1841 1954 2005 2030 2016 2006 1994 1984 1979 1968 1994 1931 2020 2056 2065
2088 2110 2108 2096 2089 2074 2070 2054 2052 2048 1952 2055 2118 2144 2138 2136 2112 2101 2106 2058 2144 2166 2165 2149 2128 2110 2093 2080 2076 2058 2057 1954 2061 2144 2160 2166 2144 2128 2100 2074 1979 2092 2150 2154 2140 2122 2100 2073 2052 1877 1980 2104 2148 2150 2132 2124 1698 1920 2151 2236 2288 2196 2236 2208 2159 2101 2048 2012 1978 1955 1841 1954 2005 2030 2016 2006 1994 1984 1979 1968 1994 1931 2020 2056 2065 2067 2048 2041 2026 2016 2052 1924 2048 2097 2113 2093 2082 2057 2042 2012
2136 2112 2101 2106 2058 2144 2166 2165 2149 2128 2110 2093 2080 2076 2058 2057 1954 2061 2144 2160 2166 2144 2128 2100 2074 1979 2092 2150 2154 2140 2122 2100 2073 2052 1877 1980 2104 2148 2150 2132 2124 1698 1920 2151 2236 2288 2196 2236 2208 2159 2101 2048 2012 1978 1955 1841 1954 2005 2030 2016 2006 1994 1984 1979 1968 1994 1931 2020 2056 2065 2067 2048 2041 2026 2016 2052 1924 2048 2097 2113 2093 2082 2057 2042 2012 2008 1881 1991 2053 2056 2053 2016 1994 1966 1949 1932 1814 1900 1968 1994
2057 1954 2061 2144 2160 2166 2144 2128 2100 2074 1979 2092 2150 2154 2140 2122 2100 2073 2052 1877 1980 2104 2148 2150 2132 2124 1698 1920 2151 2236 2288 2196 2236 2208 2159 2101 2048 2012 1978 1955 1841 1954 2005 2030 2016 2006 1994 1984 1979 1968 1994 1931 2020 2056 2065 2067 2048 2041 2026 2016 2052 1924 2048 2097 2113 2093 2082 2057 2042 2012 2008 1881 1991 2053 2056 2053 2016 1994 1966 1949 1932 1814 1900 1968 1994 1994 1976 1954 1948 1926 1910 1811 1860 1965 1996 2010 1996 1982 1954 1920
2122 2100 2073 2052 1877 1980 2104 2148 2150 2132 2124 1698 1920 2151 2236 2288 2196 2236 2208 2159 2101 2048 2012 1978 1955 1841 1954 2005 2030 2016 2006 1994 1984 1979 1968 1994 1931 2020 2056 2065 2067 2048 2041 2026 2016 2052 1924 2048 2097 2113 2093 2082 2057 2042 2012 2008 1881 1991 2053 2056 2053 2016 1994 1966 1949 1932 1814 1900 1968 1994 1994 1976 1954 1948 1926 1910 1811 1860 1965 1996 2010 1996 1982 1954 1920 1908 1880 1800 1892 1937 1944 1933 1908 1880 1868 1856 1848 1840 1834 1836
2288 2196 2236 2208 2159 2101 2048 2012 1978 1955 1841 1954 2005 2030 2016 2006 1994 1984 1979 1968 1994 1931 2020 2056 2065 2067 2048 2041 2026 2016 2052 1924 2048 2097 2113 2093 2082 2057 2042 2012 2008 1881 1991 2053 2056 2053 2016 1994 1966 1949 1932 1814 1900 1968 1994 1994 1976 1954 1948 1926 1910 1811 1860 1965 1996 2010 1996 1982 1954 1920 1908 1880 1800 1892 1937 1944 1933 1908 1880 1868 1856 1848 1840 1834 1836 1852 1852 1858 1767 1848 1888 2010 1977 2048 2074 2049 1614 1840 2048 2144
2006 1994 1984 1979 1968 1994 1931 2020 2056 2065 2067 2048 2041 2026 2016 2052 1924 2048 2097 2113 2093 2082 2057 2042 2012 2008 1881 1991 2053 2056 2053 2016 1994 1966 1949 1932 1814 1900 1968 1994 1994 1976 1954 1948 1926 1910 1811 1860 1965 1996 2010 1996 1982 1954 1920 1908 1880 1800 1892 1937 1944 1933 1908 1880 1868 1856 1848 1840 1834 1836 1852 1852 1858 1767 1848 1888 2010 1977 2048 2074 2049 1614 1840 2048 2144 2144 2114 2058 2000 1877 1944 1954 1944 1916 1894 1890 1869 1876 1764 1864
2052 1924 2048 2097 2113 2093 2082 2057 2042 2012 2008 1881 1991 2053 2056 2053 2016 1994 1966 1949 1932 1814 1900 1968 1994 1994 1976 1954 1948 1926 1910 1811 1860 1965 1996 2010 1996 1982 1954 1920 1908 1880 1800 1892 1937 1944 1933 1908 1880 1868 1856 1848 1840 1834 1836 1852 1852 1858 1767 1848 1888 2010 1977 2048 2074 2049 1614 1840 2048 2144 2144 2114 2058 2000 1877 1944 1954 1944 1916 1894 1890 1869 1876 1764 1864 1957 1981 2005 1979 1981 1982 1982 1979 1969 1976 1884 2011 2074 2100 2089
2053 2016 1994 1966 1949 1932 1814 1900 1968 1994 1994 1976 1954 1948 1926 1910 1811 1860 1965 1996 2010 1996 1982 1954 1920 1908 1880 1800 1892 1937 1944 1933 1908 1880 1868 1856 1848 1840 1834 1836 1852 1852 1858 1767 1848 1888 2010 1977 2048 2074 2049 1614 1840 2048 2144 2144 2114 2058 2000 1877 1944 1954 1944 1916 1894 1890 1869 1876 1764 1864 1957 1981 2005 1979 1981 1982 1982 1979 1969 1976 1884 2011 2074 2100 2089 2090 2060 2048 2035 2018 2022 2010 2020 2007 2009 2001 1988 1986 1880 1966
1910 1811 1860 1965 1996 2010 1996 1982 1954 1920 1908 1880 1800 1892 1937 1944 1933 1908 1880 1868 1856 1848 1840 1834 1836 1852 1852 1858 1767 1848 1888 2010 1977 2048 2074 2049 1614 1840 2048 2144 2144 2114 2058 2000 1877 1944 1954 1944 1916 1894 1890 1869 1876 1764 1864 1957 1981 2005 1979 1981 1982 1982 1979 1969 1976 1884 2011 2074 2100 2089 2090 2060 2048 2035 2018 2022 2010 2020 2007 2009 2001 1988 1986 1880 1966 2025 2038 2025 2008 1922 1915 1944 1948 1761 1924 2012 2012 1997 1960 1926
1944 1933 1908 1880 1868 1856 1848 1840 1834 1836 1852 1852 1858 1767 1848 1888 2010 1977 2048 2074 2049 1614 1840 2048 2144 2144 2114 2058 2000 1877 1944 1954 1944 1916 1894 1890 1869 1876 1764 1864 1957 1981 2005 1979 1981 1982 1982 1979 1969 1976 1884 2011 2074 2100 2089 2090 2060 2048 2035 2018 2022 2010 2020 2007 2009 2001 1988 1986 1880 1966 2025 2038 2025 2008 1922 1915 1944 1948 1761 1924 2012 2012 1997 1960 1926 1904 1865 1859 1838 1845 1769 1923 1993 2012 2018 2024 2024 2034 2045 1952
1888 2010 1977 2048 2074 2049 1614 1840 2048 2144 2144 2114 2058 2000 1877 1944 1954 1944 1916 1894 1890 1869 1876 1764 1864 1957 1981 2005 1979 1981 1982 1982 1979 1969 1976 1884 2011 2074 2100 2089 2090 2060 2048 2035 2018 2022 2010 2020 2007 2009 2001 1988 1986 1880 1966 2025 2038 2025 2008 1922 1915 1944 1948 1761 1924 2012 2012 1997 1960 1926 1904 1865 1859 1838 1845 1769 1923 1993 2012 2018 2024 2024 2034 2045 1952 2116 2196 2248 2272 2281 2305 2308 2340 2355 2392 2340 2464 2555 2586 2600
1944 1954 1944 1916 1894 1890 1869 1876 1764 1864 1957 1981 2005 1979 1981 1982 1982 1979 1969 1976 1884 2011 2074 2100 2089 2090 2060 2048 2035 2018 2022 2010 2020 2007 2009 2001 1988 1986 1880 1966 2025 2038 2025 2008 1922 1915 1944 1948 1761 1924 2012 2012 1997 1960 1926 1904 1865 1859 1838 1845 1769 1923 1993 2012 2018 2024 2024 2034 2045 1952 2116 2196 2248 2272 2281 2305 2308 2340 2355 2392 2340 2464 2555 2586 2600 2576 2663 2708 2736 2737 2753 2282 2610 2922 3042 3060 3020 2972 2885 2816
1982 1982 1979 1969 1976 1884 2011 2074 2100 2089 2090 2060 2048 2035 2018 2022 2010 2020 2007 2009 2001 1988 1986 1880 1966 2025 2038 2025 2008 1922 1915 1944 1948 1761 1924 2012 2012 1997 1960 1926 1904 1865 1859 1838 1845 1769 1923 1993 2012 2018 2024 2024 2034 2045 1952 2116 2196 2248 2272 2281 2305 2308 2340 2355 2392 2340 2464 2555 2586 2600 2576 2663 2708 2736 2737 2753 2282 2610 2922 3042 3060 3020 2972 2885 2816 2672 2688 2732 2705 2671 2624 2580 2528 2480 2434 2381 2421 2408 2368 2304
2022 2010 2020 2007 2009 2001 1988 1986 1880 1966 2025 2038 2025 2008 1922 1915 1944 1948 1761 1924 2012 2012 1997 1960 1926 1904 1865 1859 1838 1845 1769 1923 1993 2012 2018 2024 2024 2034 2045 1952 2116 2196 2248 2272 2281 2305 2308 2340 2355 2392 2340 2464 2555 2586 2600 2576 2663 2708 2736 2737 2753 2282 2610 2922 3042 3060 3020 2972 2885 2816 2672 2688 2732 2705 2671 2624 2580 2528 2480 2434 2381 2421 2408 2368 2304 2250 2182 2129 2073 2008 1964 1905 1756 1817 1837 1804 1744 1686 1615 1552
1915 1944 1948 1761 1924 2012 2012 1997 1960 1926 1904 1865 1859 1838 1845 1769 1923 1993 2012 2018 2024 2024 2034 2045 1952 2116 2196 2248 2272 2281 2305 2308 2340 2355 2392 2340 2464 2555 2586 2600 2576 2663 2708 2736 2737 2753 2282 2610 2922 3042 3060 3020 2972 2885 2816 2672 2688 2732 2705 2671 2624 2580 2528 2480 2434 2381 2421 2408 2368 2304 2250 2182 2129 2073 2008 1964 1905 1756 1817 1837 1804 1744 1686 1615 1552 1490 1436 1402 1325 1362 1353 1316 1276 1234 1181 1158 1126 1120 1104 1025
1769 1923 1993 2012 2018 2024 2024 2034 2045 1952 2116 2196 2248 2272 2281 2305 2308 2340 2355 2392 2340 2464 2555 2586 2600 2576 2663 2708 2736 2737 2753 2282 2610 2922 3042 3060 3020 2972 2885 2816 2672 2688 2732 2705 2671 2624 2580 2528 2480 2434 2381 2421 2408 2368 2304 2250 2182 2129 2073 2008 1964 1905 1756 1817 1837 1804 1744 1686 1615 1552 1490 1436 1402 1325 1362 1353 1316 1276 1234 1181 1158 1126 1120 1104 1025 1148 1191 1226 1232 1241 1170 1259 1359 1408 1437 1459 1482 1514 1549 1584
2305 2308 2340 2355 2392 2340 2464 2555 2586 2600 2576 2663 2708 2736 2737 2753 2282 2610 2922 3042 3060 3020 2972 2885 2816 2672 2688 2732 2705 2671 2624 2580 2528 2480 2434 2381 2421 2408 2368 2304 2250 2182 2129 2073 2008 1964 1905 1756 1817 1837 1804 1744 1686 1615 1552 1490 1436 1402 1325 1362 1353 1316 1276 1234 1181 1158 1126 1120 1104 1025 1148 1191 1226 1232 1241 1170 1259 1359 1408 1437 1459 1482 1514 1549 1584 1638 1625 1777 1792 1901 2028 2089 2132 2160 2184 2194 2100 2276 2352 2394
2753 2282 2610 2922 3042 3060 3020 2972 2885 2816 2672 2688 2732 2705 2671 2624 2580 2528 2480 2434 2381 2421 2408 2368 2304 2250 2182 2129 2073 2008 1964 1905 1756 1817 1837 1804 1744 1686 1615 1552 1490 1436 1402 1325 1362 1353 1316 1276 1234 1181 1158 1126 1120 1104 1025 1148 1191 1226 1232 1241 1170 1259 1359 1408 1437 1459 1482 1514 1549 1584 1638 1625 1777 1792 1901 2028 2089 2132 2160 2184 2194 2100 2276 2352 2394 2401 2400 2403 2411 2412 2424 2466 2426 2523 2516 2533 2605 2655 2651 2647
2624 2580 2528 2480 2434 2381 2421 2408 2368 2304 2250 2182 2129 2073 2008 1964 1905 1756 1817 1837 1804 1744 1686 1615 1552 1490 1436 1402 1325 1362 1353 1316 1276 1234 1181 1158 1126 1120 1104 1025 1148 1191 1226 1232 1241 1170 1259 1359 1408 1437 1459 1482 1514 1549 1584 1638 1625 1777 1792 1901 2028 2089 2132 2160 2184 2194 2100 2276 2352 2394 2401 2400 2403 2411 2412 2424 2466 2426 2523 2516 2533 2605 2655 2651 2647 2656 2282 2440 2778 2936 2966 2949 2889 2816 2760 2712 2666 2545 2624 2545
